(DEVICE FILE: CBRD40SB2FP1R0)

PACKAGE CBRD40SB2FP1R0
CLASS DISCRETE
PINCOUNT 46

PINORDER CBRD40SB2FP1R0  39 40 41 42 37 43 19 23 27 31,
 35 20 22 24 26 28 30 32 34 36,
 38 33 29 25 21 15 11 7 3 18,
 16 14 12 10 8 6 4 2 17 13,
 9 5 1 44 45 46

PINSWAP CBRD40SB2FP1R0  39 40 41 42 37 43 19 23 27 31,
 35 20 22 24 26 28 30 32 34 36,
 38 33 29 25 21 15 11 7 3 18,
 16 14 12 10 8 6 4 2 17 13,
 9 5 1 44 45 46

FUNCTION CBRD40SB2FP1R0 CBRD40SB2FP1R0  39 40 41 42 37 43 19 23 27 31,
 35 20 22 24 26 28 30 32 34 36,
 38 33 29 25 21 15 11 7 3 18,
 16 14 12 10 8 6 4 2 17 13,
 9 5 1 44 45 46

END
