(DEVICE FILE: CBRD40PA2FP1R0)

PACKAGE CBRD40PA2FP1R0
CLASS DISCRETE
PINCOUNT 46

PINORDER CBRD40PA2FP1R0  41 42 1 2 43 3 5 7 9 11,
 13 15 17 19 4 6 8 10 12 14,
 16 18 20 22 21 23 25 27 29 31,
 33 35 37 39 24 26 28 30 32 34,
 36 38 40 45 44 46

PINSWAP CBRD40PA2FP1R0  41 42 1 2 43 3 5 7 9 11,
 13 15 17 19 4 6 8 10 12 14,
 16 18 20 22 21 23 25 27 29 31,
 33 35 37 39 24 26 28 30 32 34,
 36 38 40 45 44 46

FUNCTION CBRD40PA2FP1R0 CBRD40PA2FP1R0  41 42 1 2 43 3 5 7 9 11,
 13 15 17 19 4 6 8 10 12 14,
 16 18 20 22 21 23 25 27 29 31,
 33 35 37 39 24 26 28 30 32 34,
 36 38 40 45 44 46

END
