(DEVICE FILE: CON-HLE-122-02)

PACKAGE CON-HLE-122-02
CLASS DISCRETE
PINCOUNT 44

PINORDER CON-HLE-122-02  43 44 41 42 39 37 40 38 35 36,
 33 34 31 29 32 30 27 28 25 26,
 23 21 24 22 19 20 17 18 15 13,
 16 14 11 12 9 10 7 5 8 6,
 3 4 1 2

PINSWAP CON-HLE-122-02  43 44 41 42 39 37 40 38 35 36,
 33 34 31 29 32 30 27 28 25 26,
 23 21 24 22 19 20 17 18 15 13,
 16 14 11 12 9 10 7 5 8 6,
 3 4 1 2

FUNCTION CON-HLE-122-02 CON-HLE-122-02  43 44 41 42 39 37 40 38 35 36,
 33 34 31 29 32 30 27 28 25 26,
 23 21 24 22 19 20 17 18 15 13,
 16 14 11 12 9 10 7 5 8 6,
 3 4 1 2

END
