(DEVICE FILE: CON-38-767004)

PACKAGE CON-38-767004
CLASS DISCRETE
PINCOUNT 44

PINORDER CON-38-767004  32 34 36 38 43 31 33 35 37 22,
 24 26 28 30 42 21 23 25 27 29,
 10 12 14 16 18 20 41 40 11 13,
 15 17 19 2 4 6 8 39 1 3,
 5 7 9 44

PINSWAP CON-38-767004  32 34 36 38 43 31 33 35 37 22,
 24 26 28 30 42 21 23 25 27 29,
 10 12 14 16 18 20 41 40 11 13,
 15 17 19 2 4 6 8 39 1 3,
 5 7 9 44

FUNCTION CON-38-767004 CON-38-767004  32 34 36 38 43 31 33 35 37 22,
 24 26 28 30 42 21 23 25 27 29,
 10 12 14 16 18 20 41 40 11 13,
 15 17 19 2 4 6 8 39 1 3,
 5 7 9 44

END
