(DEVICE FILE: CON-TSM254-40)

PACKAGE CON-TSM254-40
CLASS DISCRETE
PINCOUNT 42

PINORDER CON-TSM254-40  40 38 39 37 41 36 34 35 33 32,
 30 31 29 28 26 27 25 24 22 23,
 21 20 18 19 17 16 14 15 13 12,
 10 11 9 6 8 5 7 2 4 1,
 3 42

PINSWAP CON-TSM254-40  40 38 39 37 41 36 34 35 33 32,
 30 31 29 28 26 27 25 24 22 23,
 21 20 18 19 17 16 14 15 13 12,
 10 11 9 6 8 5 7 2 4 1,
 3 42

FUNCTION CON-TSM254-40 CON-TSM254-40  40 38 39 37 41 36 34 35 33 32,
 30 31 29 28 26 27 25 24 22 23,
 21 20 18 19 17 16 14 15 13 12,
 10 11 9 6 8 5 7 2 4 1,
 3 42

END
