(DEVICE FILE: CON-SMH254-40)

PACKAGE CON-SMH254-40
CLASS DISCRETE
PINCOUNT 40

PINORDER CON-SMH254-40  37 39 40 38 33 35 36 34 29 31,
 32 30 25 27 28 26 21 23 24 22,
 17 19 20 18 13 15 16 14 9 11,
 12 10 5 7 8 6 1 3 4 2

PINSWAP CON-SMH254-40  37 39 40 38 33 35 36 34 29 31,
 32 30 25 27 28 26 21 23 24 22,
 17 19 20 18 13 15 16 14 9 11,
 12 10 5 7 8 6 1 3 4 2

FUNCTION CON-SMH254-40 CON-SMH254-40  37 39 40 38 33 35 36 34 29 31,
 32 30 25 27 28 26 21 23 24 22,
 17 19 20 18 13 15 16 14 9 11,
 12 10 5 7 8 6 1 3 4 2

END
