(DEVICE FILE: CON-IPL1-125)

PACKAGE CON-IPL1-125
CLASS DISCRETE
PINCOUNT 50

PINORDER CON-IPL1-125  26 1 27 28 3 2 29 30 5 4,
 31 32 7 6 33 34 9 8 35 36,
 11 10 37 38 13 12 39 40 15 14,
 41 42 17 16 43 44 19 18 45 46,
 21 20 47 48 23 22 49 50 25 24

PINSWAP CON-IPL1-125  26 1 27 28 3 2 29 30 5 4,
 31 32 7 6 33 34 9 8 35 36,
 11 10 37 38 13 12 39 40 15 14,
 41 42 17 16 43 44 19 18 45 46,
 21 20 47 48 23 22 49 50 25 24

FUNCTION CON-IPL1-125 CON-IPL1-125  26 1 27 28 3 2 29 30 5 4,
 31 32 7 6 33 34 9 8 35 36,
 11 10 37 38 13 12 39 40 15 14,
 41 42 17 16 43 44 19 18 45 46,
 21 20 47 48 23 22 49 50 25 24

END
