(DEVICE FILE: CON-AXK6F00545YJ)

PACKAGE CON-AXK6F00545YJ
CLASS IC
PINCOUNT 100

PINORDER CON-AXK6F00545YJ  100 99 1 2 96 97 98 92 93 94,
 95 88 89 90 91 85 86 87 81 82,
 83 84 77 78 79 80 76 73 74 75,
 6 3 4 5 69 70 71 72 9 10,
 7 8 66 67 68 14 11 12 13 62,
 63 64 65 18 15 16 17 58 59 60,
 61 21 19 20 55 56 57 25 22 23,
 24 51 52 53 54 26 27 28 29 30,
 31 32 33 34 35 36 37 38 39 40,
 41 42 43 44 45 46 47 48 49 50

PINSWAP CON-AXK6F00545YJ  100 99 1 2 96 97 98 92 93 94,
 95 88 89 90 91 85 86 87 81 82,
 83 84 77 78 79 80 76 73 74 75,
 6 3 4 5 69 70 71 72 9 10,
 7 8 66 67 68 14 11 12 13 62,
 63 64 65 18 15 16 17 58 59 60,
 61 21 19 20 55 56 57 25 22 23,
 24 51 52 53 54 26 27 28 29 30,
 31 32 33 34 35 36 37 38 39 40,
 41 42 43 44 45 46 47 48 49 50

FUNCTION CON-AXK6F00545YJ CON-AXK6F00545YJ  100 99 1 2 96 97 98 92 93 94,
 95 88 89 90 91 85 86 87 81 82,
 83 84 77 78 79 80 76 73 74 75,
 6 3 4 5 69 70 71 72 9 10,
 7 8 66 67 68 14 11 12 13 62,
 63 64 65 18 15 16 17 58 59 60,
 61 21 19 20 55 56 57 25 22 23,
 24 51 52 53 54 26 27 28 29 30,
 31 32 33 34 35 36 37 38 39 40,
 41 42 43 44 45 46 47 48 49 50

END
