(DEVICE FILE: CON-P50LE-080P1-SML-DA)

PACKAGE CON-P50LE-080P1-SML-DA
CLASS DISCRETE
PINCOUNT 82

PINORDER CON-P50LE-080P1-SML-DA  81 1 3 5 7 2 4 6 8 9,
 11 13 15 10 12 14 16 17 19 21,
 23 18 20 22 24 25 27 29 31 26,
 28 30 32 33 35 37 39 34 36 38,
 40 41 43 45 47 42 44 46 48 49,
 51 53 55 50 52 54 56 57 59 61,
 63 58 60 62 64 65 67 69 71 66,
 68 70 72 73 75 77 79 74 76 78,
 80 82

PINSWAP CON-P50LE-080P1-SML-DA  81 1 3 5 7 2 4 6 8 9,
 11 13 15 10 12 14 16 17 19 21,
 23 18 20 22 24 25 27 29 31 26,
 28 30 32 33 35 37 39 34 36 38,
 40 41 43 45 47 42 44 46 48 49,
 51 53 55 50 52 54 56 57 59 61,
 63 58 60 62 64 65 67 69 71 66,
 68 70 72 73 75 77 79 74 76 78,
 80 82

FUNCTION CON-P50LE-080P1-SML-DA CON-P50LE-080P1-SML-DA  81 1 3 5 7 2 4 6 8 9,
 11 13 15 10 12 14 16 17 19 21,
 23 18 20 22 24 25 27 29 31 26,
 28 30 32 33 35 37 39 34 36 38,
 40 41 43 45 47 42 44 46 48 49,
 51 53 55 50 52 54 56 57 59 61,
 63 58 60 62 64 65 67 69 71 66,
 68 70 72 73 75 77 79 74 76 78,
 80 82

END
