(DEVICE FILE: CON-P50LE-060P1-SML-DA)

PACKAGE CON-P50LE-060P1-SML-DA
CLASS DISCRETE
PINCOUNT 62

PINORDER CON-P50LE-060P1-SML-DA  61 7 5 3 1 8 6 4 2 15,
 9 11 13 10 16 12 14 23 17 19,
 21 24 18 20 22 31 25 27 29 32,
 26 28 30 39 33 35 37 40 34 36,
 38 47 41 43 45 48 42 44 46 55,
 49 51 53 56 50 52 54 57 59 62,
 58 60

PINSWAP CON-P50LE-060P1-SML-DA  61 7 5 3 1 8 6 4 2 15,
 9 11 13 10 16 12 14 23 17 19,
 21 24 18 20 22 31 25 27 29 32,
 26 28 30 39 33 35 37 40 34 36,
 38 47 41 43 45 48 42 44 46 55,
 49 51 53 56 50 52 54 57 59 62,
 58 60

FUNCTION CON-P50LE-060P1-SML-DA CON-P50LE-060P1-SML-DA  61 7 5 3 1 8 6 4 2 15,
 9 11 13 10 16 12 14 23 17 19,
 21 24 18 20 22 31 25 27 29 32,
 26 28 30 39 33 35 37 40 34 36,
 38 47 41 43 45 48 42 44 46 55,
 49 51 53 56 50 52 54 57 59 62,
 58 60

END
