(DEVICE FILE: CON-D-SM-127-40)

PACKAGE CON-D-SM-127-40
CLASS DISCRETE
PINCOUNT 40

PINORDER CON-D-SM-127-40  3 5 1 4 6 2 11 13 9 7,
 12 14 8 10 19 21 15 17 20 22,
 16 18 27 29 23 25 28 30 24 26,
 35 37 31 33 36 38 32 34 39 40

PINSWAP CON-D-SM-127-40  3 5 1 4 6 2 11 13 9 7,
 12 14 8 10 19 21 15 17 20 22,
 16 18 27 29 23 25 28 30 24 26,
 35 37 31 33 36 38 32 34 39 40

FUNCTION CON-D-SM-127-40 CON-D-SM-127-40  3 5 1 4 6 2 11 13 9 7,
 12 14 8 10 19 21 15 17 20 22,
 16 18 27 29 23 25 28 30 24 26,
 35 37 31 33 36 38 32 34 39 40

END
