(DEVICE FILE: CONS-FTSH-127-DV-60)

PACKAGE CONS-FTSH-127-DV-60
CLASS DISCRETE
PINCOUNT 62

PINORDER CONS-FTSH-127-DV-60  61 1 3 5 7 2 4 6 8 9,
 11 13 15 10 12 14 16 17 19 21,
 23 18 20 22 24 31 25 27 29 32,
 26 28 30 39 33 35 37 34 36 38,
 40 47 41 43 45 42 44 46 48 55,
 49 51 53 50 52 54 56 57 59 62,
 58 60

PINSWAP CONS-FTSH-127-DV-60  61 1 3 5 7 2 4 6 8 9,
 11 13 15 10 12 14 16 17 19 21,
 23 18 20 22 24 31 25 27 29 32,
 26 28 30 39 33 35 37 34 36 38,
 40 47 41 43 45 42 44 46 48 55,
 49 51 53 50 52 54 56 57 59 62,
 58 60

FUNCTION CONS-FTSH-127-DV-60 CONS-FTSH-127-DV-60  61 1 3 5 7 2 4 6 8 9,
 11 13 15 10 12 14 16 17 19 21,
 23 18 20 22 24 31 25 27 29 32,
 26 28 30 39 33 35 37 34 36 38,
 40 47 41 43 45 42 44 46 48 55,
 49 51 53 50 52 54 56 57 59 62,
 58 60

END
