(DEVICE FILE: DIMM-DDR2)

PACKAGE 'DIMM-DDR2'
CLASS IO
PINCOUNT 202

PINORDER 'DIMM-DDR2' 202 200 198 196 199 197 195 194 192 190 188 193 191 189 187 186 184 182 180 185,
      183 181 179 178 176 174 172 177 175 173 171 170 168 166 164 169 167 165 163 162 160 158 156,
      161 159 157 155 154 152 150 148 153 151 149 147 146 144 142 145 143 141 140 138 136 134 139,
      137 135 133 132 130 128 126 131 129 127 125 124 122 120 118 123 121 119 117 116 114 112 110,
      115 113 111 109 108 106 104 102 107 105 103 101 100 98 96 94 99 97 95 93 92 90 88 91 89 87 86,
      84 82 80 85 83 81 79 78 76 74 72 77 75 73 71 70 68 66 64 69 67 65 63 62 60 58 56 61 59 57 55,
      54 52 50 48 53 51 49 47 46 44 42 45 43 41 40 38 39 37 36 34 32 30 35 33 31 29 28 26 24 22 27,
      25 23 21 20 18 16 14 19 17 15 13 12 10 8 6 11 9 7 5 4 2 3 1 201
FUNCTION G1 'DIMM-DDR2' 202 200 198 196 199 197 195 194 192 190 188 193 191 189 187 186 184 182 180,
      185 183 181 179 178 176 174 172 177 175 173 171 170 168 166 164 169 167 165 163 162 160 158,
      156 161 159 157 155 154 152 150 148 153 151 149 147 146 144 142 145 143 141 140 138 136 134,
      139 137 135 133 132 130 128 126 131 129 127 125 124 122 120 118 123 121 119 117 116 114 112,
      110 115 113 111 109 108 106 104 102 107 105 103 101 100 98 96 94 99 97 95 93 92 90 88 91 89 87,
      86 84 82 80 85 83 81 79 78 76 74 72 77 75 73 71 70 68 66 64 69 67 65 63 62 60 58 56 61 59 57,
      55 54 52 50 48 53 51 49 47 46 44 42 45 43 41 40 38 39 37 36 34 32 30 35 33 31 29 28 26 24 22,
      27 25 23 21 20 18 16 14 19 17 15 13 12 10 8 6 11 9 7 5 4 2 3 1 201

END
