(DEVICE FILE: HTQFP-48)

PACKAGE HTQFP-48
CLASS IC
PINCOUNT 49

PINORDER HTQFP-48  11 12 5 6 7 8 9 10 1 2,
 3 4 13 14 15 16 17 18 49 43,
 44 45 46 47 48 19 20 21 22 23,
 38 39 40 41 42 24 25 26 27 28,
 29 30 31 32 33 34 35 36 37

PINSWAP HTQFP-48  11 12 5 6 7 8 9 10 1 2,
 3 4 13 14 15 16 17 18 49 43,
 44 45 46 47 48 19 20 21 22 23,
 38 39 40 41 42 24 25 26 27 28,
 29 30 31 32 33 34 35 36 37

FUNCTION HTQFP-48 HTQFP-48  11 12 5 6 7 8 9 10 1 2,
 3 4 13 14 15 16 17 18 49 43,
 44 45 46 47 48 19 20 21 22 23,
 38 39 40 41 42 24 25 26 27 28,
 29 30 31 32 33 34 35 36 37

END
