(DEVICE FILE: LFCSP-88)

PACKAGE LFCSP-88
CLASS IC
PINCOUNT 89

PINORDER LFCSP-88  23 27 26 25 24 13 14 15 16 17,
 18 19 20 21 22 1 2 3 4 5,
 6 7 8 9 10 11 12 84 85 88,
 86 87 89 36 35 34 33 32 31 30,
 29 28 38 37 43 42 41 40 39 69,
 70 71 72 73 74 75 76 77 79 80,
 81 82 83 78 68 50 49 48 47 46,
 45 53 52 51 54 44 66 65 64 63,
 62 61 60 59 58 57 56 55 67

PINSWAP LFCSP-88  23 27 26 25 24 13 14 15 16 17,
 18 19 20 21 22 1 2 3 4 5,
 6 7 8 9 10 11 12 84 85 88,
 86 87 89 36 35 34 33 32 31 30,
 29 28 38 37 43 42 41 40 39 69,
 70 71 72 73 74 75 76 77 79 80,
 81 82 83 78 68 50 49 48 47 46,
 45 53 52 51 54 44 66 65 64 63,
 62 61 60 59 58 57 56 55 67

FUNCTION LFCSP-88 LFCSP-88  23 27 26 25 24 13 14 15 16 17,
 18 19 20 21 22 1 2 3 4 5,
 6 7 8 9 10 11 12 84 85 88,
 86 87 89 36 35 34 33 32 31 30,
 29 28 38 37 43 42 41 40 39 69,
 70 71 72 73 74 75 76 77 79 80,
 81 82 83 78 68 50 49 48 47 46,
 45 53 52 51 54 44 66 65 64 63,
 62 61 60 59 58 57 56 55 67

END
