(DEVICE FILE: LFCSP64)

PACKAGE LFCSP64
CLASS IC
PINCOUNT 65

PINORDER LFCSP64  58 59 60 61 62 63 64 1 49 50,
 51 52 53 54 55 56 57 47 48 65,
 16 15 14 13 12 11 10 9 8 7,
 6 5 4 3 2 33 34 35 36 37,
 38 39 40 41 42 43 44 45 46 20,
 21 22 23 17 18 19 24 25 26 27,
 28 29 30 31 32

PINSWAP LFCSP64  58 59 60 61 62 63 64 1 49 50,
 51 52 53 54 55 56 57 47 48 65,
 16 15 14 13 12 11 10 9 8 7,
 6 5 4 3 2 33 34 35 36 37,
 38 39 40 41 42 43 44 45 46 20,
 21 22 23 17 18 19 24 25 26 27,
 28 29 30 31 32

FUNCTION LFCSP64 LFCSP64  58 59 60 61 62 63 64 1 49 50,
 51 52 53 54 55 56 57 47 48 65,
 16 15 14 13 12 11 10 9 8 7,
 6 5 4 3 2 33 34 35 36 37,
 38 39 40 41 42 43 44 45 46 20,
 21 22 23 17 18 19 24 25 26 27,
 28 29 30 31 32

END
