(DEVICE FILE: LFCSP-72)

PACKAGE LFCSP-72
CLASS IC
PINCOUNT 73

PINORDER LFCSP-72  15 16 17 18 1 2 3 4 5 6,
 7 8 9 10 11 12 13 14 73 30,
 29 28 27 26 25 24 23 22 21 20,
 19 32 31 33 69 68 67 66 65 64,
 63 62 61 60 59 72 71 70 58 39,
 40 37 38 41 36 35 34 54 42 43,
 44 45 46 47 48 49 50 51 52 53,
 57 56 55

PINSWAP LFCSP-72  15 16 17 18 1 2 3 4 5 6,
 7 8 9 10 11 12 13 14 73 30,
 29 28 27 26 25 24 23 22 21 20,
 19 32 31 33 69 68 67 66 65 64,
 63 62 61 60 59 72 71 70 58 39,
 40 37 38 41 36 35 34 54 42 43,
 44 45 46 47 48 49 50 51 52 53,
 57 56 55

FUNCTION LFCSP-72 LFCSP-72  15 16 17 18 1 2 3 4 5 6,
 7 8 9 10 11 12 13 14 73 30,
 29 28 27 26 25 24 23 22 21 20,
 19 32 31 33 69 68 67 66 65 64,
 63 62 61 60 59 72 71 70 58 39,
 40 37 38 41 36 35 34 54 42 43,
 44 45 46 47 48 49 50 51 52 53,
 57 56 55

END
