(DEVICE FILE: LFCSP-56)

PACKAGE LFCSP-56
CLASS IC
PINCOUNT 57

PINORDER LFCSP-56  15 14 13 12 11 10 9 8 7 6,
 5 4 3 2 1 19 18 17 16 57,
 56 55 54 53 23 22 21 20 52 51,
 50 49 27 26 25 24 45 44 47 48,
 46 29 28 33 32 31 30 37 36 35,
 34 41 40 39 38 42 43

PINSWAP LFCSP-56  15 14 13 12 11 10 9 8 7 6,
 5 4 3 2 1 19 18 17 16 57,
 56 55 54 53 23 22 21 20 52 51,
 50 49 27 26 25 24 45 44 47 48,
 46 29 28 33 32 31 30 37 36 35,
 34 41 40 39 38 42 43

FUNCTION LFCSP-56 LFCSP-56  15 14 13 12 11 10 9 8 7 6,
 5 4 3 2 1 19 18 17 16 57,
 56 55 54 53 23 22 21 20 52 51,
 50 49 27 26 25 24 45 44 47 48,
 46 29 28 33 32 31 30 37 36 35,
 34 41 40 39 38 42 43

END
