(DEVICE FILE: LLP-64)

PACKAGE LLP-64
CLASS IC
PINCOUNT 65

PINORDER LLP-64  17 16 12 13 14 15 11 8 9 10,
 4 5 6 7 3 64 1 2 22 21,
 20 19 18 65 60 61 62 63 59 26,
 24 23 25 56 57 58 55 30 28 27,
 29 51 53 54 52 32 31 33 37 35,
 36 34 38 41 39 40 42 45 46 43,
 44 49 50 48 47

PINSWAP LLP-64  17 16 12 13 14 15 11 8 9 10,
 4 5 6 7 3 64 1 2 22 21,
 20 19 18 65 60 61 62 63 59 26,
 24 23 25 56 57 58 55 30 28 27,
 29 51 53 54 52 32 31 33 37 35,
 36 34 38 41 39 40 42 45 46 43,
 44 49 50 48 47

FUNCTION LLP-64 LLP-64  17 16 12 13 14 15 11 8 9 10,
 4 5 6 7 3 64 1 2 22 21,
 20 19 18 65 60 61 62 63 59 26,
 24 23 25 56 57 58 55 30 28 27,
 29 51 53 54 52 32 31 33 37 35,
 36 34 38 41 39 40 42 45 46 43,
 44 49 50 48 47

END
