(DEVICE FILE: LLP-32-LQA036A)

PACKAGE LLP-32-LQA036A
CLASS IC
PINCOUNT 39

PINORDER LLP-32-LQA036A  19 20 21 22 23 24 25 26 27 10,
 11 1 2 3 4 5 6 7 8 9,
 28 29 30 31 32 33 34 35 36 18,
 14 15 16 17 13 12 39 37 38

PINSWAP LLP-32-LQA036A  19 20 21 22 23 24 25 26 27 10,
 11 1 2 3 4 5 6 7 8 9,
 28 29 30 31 32 33 34 35 36 18,
 14 15 16 17 13 12 39 37 38

FUNCTION LLP-32-LQA036A LLP-32-LQA036A  19 20 21 22 23 24 25 26 27 10,
 11 1 2 3 4 5 6 7 8 9,
 28 29 30 31 32 33 34 35 36 18,
 14 15 16 17 13 12 39 37 38

END
