(DEVICE FILE: LLP48)

PACKAGE LLP48
CLASS IC
PINCOUNT 49

PINORDER LLP48  49 48 47 46 44 45 11 10 9 8,
 7 6 5 4 3 2 1 12 43 41,
 40 39 38 37 42 33 32 31 30 29,
 28 27 26 36 35 34 25 13 15 14,
 16 17 24 23 22 21 20 19 18

PINSWAP LLP48  49 48 47 46 44 45 11 10 9 8,
 7 6 5 4 3 2 1 12 43 41,
 40 39 38 37 42 33 32 31 30 29,
 28 27 26 36 35 34 25 13 15 14,
 16 17 24 23 22 21 20 19 18

FUNCTION LLP48 LLP48  49 48 47 46 44 45 11 10 9 8,
 7 6 5 4 3 2 1 12 43 41,
 40 39 38 37 42 33 32 31 30 29,
 28 27 26 36 35 34 25 13 15 14,
 16 17 24 23 22 21 20 19 18

END
