(DEVICE FILE: LQFP-64)

PACKAGE LQFP-64
CLASS IC
PINCOUNT 64

PINORDER LQFP-64  16 12 13 14 15 8 9 10 11 4,
 5 6 7 1 2 3 21 18 17 20,
 19 61 62 63 64 60 25 23 22 24,
 57 58 59 56 27 26 29 28 52 53,
 54 55 31 30 32 49 50 51 34 35,
 36 37 33 38 39 40 41 42 43 44,
 45 47 48 46

PINSWAP LQFP-64  16 12 13 14 15 8 9 10 11 4,
 5 6 7 1 2 3 21 18 17 20,
 19 61 62 63 64 60 25 23 22 24,
 57 58 59 56 27 26 29 28 52 53,
 54 55 31 30 32 49 50 51 34 35,
 36 37 33 38 39 40 41 42 43 44,
 45 47 48 46

FUNCTION LQFP-64 LQFP-64  16 12 13 14 15 8 9 10 11 4,
 5 6 7 1 2 3 21 18 17 20,
 19 61 62 63 64 60 25 23 22 24,
 57 58 59 56 27 26 29 28 52 53,
 54 55 31 30 32 49 50 51 34 35,
 36 37 33 38 39 40 41 42 43 44,
 45 47 48 46

END
