(DEVICE FILE: LQFP-48)

PACKAGE LQFP-48
CLASS IC
PINCOUNT 48

PINORDER LQFP-48  12 11 10 9 8 7 6 5 4 3,
 2 1 17 16 15 14 13 18 48 47,
 46 45 44 43 22 21 20 19 23 42,
 41 40 39 38 24 26 25 32 31 30,
 29 28 27 36 35 34 33 37

PINSWAP LQFP-48  12 11 10 9 8 7 6 5 4 3,
 2 1 17 16 15 14 13 18 48 47,
 46 45 44 43 22 21 20 19 23 42,
 41 40 39 38 24 26 25 32 31 30,
 29 28 27 36 35 34 33 37

FUNCTION LQFP-48 LQFP-48  12 11 10 9 8 7 6 5 4 3,
 2 1 17 16 15 14 13 18 48 47,
 46 45 44 43 22 21 20 19 23 42,
 41 40 39 38 24 26 25 32 31 30,
 29 28 27 36 35 34 33 37

END
