(DEVICE FILE: PQFP-64)

PACKAGE PQFP-64
CLASS IC
PINCOUNT 65

PINORDER PQFP-64  62 63 64 1 2 50 51 52 53 54,
 55 56 57 58 59 60 61 49 48 47,
 46 3 4 5 6 7 8 9 10 11,
 12 13 14 15 16 65 45 44 43 42,
 41 40 39 38 37 36 35 34 33 18,
 17 19 31 30 29 28 27 26 25 24,
 23 22 21 20 32

PINSWAP PQFP-64  62 63 64 1 2 50 51 52 53 54,
 55 56 57 58 59 60 61 49 48 47,
 46 3 4 5 6 7 8 9 10 11,
 12 13 14 15 16 65 45 44 43 42,
 41 40 39 38 37 36 35 34 33 18,
 17 19 31 30 29 28 27 26 25 24,
 23 22 21 20 32

FUNCTION PQFP-64 PQFP-64  62 63 64 1 2 50 51 52 53 54,
 55 56 57 58 59 60 61 49 48 47,
 46 3 4 5 6 7 8 9 10 11,
 12 13 14 15 16 65 45 44 43 42,
 41 40 39 38 37 36 35 34 33 18,
 17 19 31 30 29 28 27 26 25 24,
 23 22 21 20 32

END
