(DEVICE FILE: SIM900-68)

PACKAGE SIM900-68
CLASS IC
PINCOUNT 68

PINORDER SIM900-68  17 15 16 13 14 11 12 9 10 7,
 8 5 6 3 4 1 2 19 18 20,
 68 67 66 21 22 64 65 24 23 62,
 63 26 25 61 60 28 27 58 59 30,
 29 56 57 32 31 55 54 34 33 53,
 52 35 37 36 39 38 42 41 40 44,
 43 46 45 48 47 50 49 51

PINSWAP SIM900-68  17 15 16 13 14 11 12 9 10 7,
 8 5 6 3 4 1 2 19 18 20,
 68 67 66 21 22 64 65 24 23 62,
 63 26 25 61 60 28 27 58 59 30,
 29 56 57 32 31 55 54 34 33 53,
 52 35 37 36 39 38 42 41 40 44,
 43 46 45 48 47 50 49 51

FUNCTION SIM900-68 SIM900-68  17 15 16 13 14 11 12 9 10 7,
 8 5 6 3 4 1 2 19 18 20,
 68 67 66 21 22 64 65 24 23 62,
 63 26 25 61 60 28 27 58 59 30,
 29 56 57 32 31 55 54 34 33 53,
 52 35 37 36 39 38 42 41 40 44,
 43 46 45 48 47 50 49 51

END
