(DEVICE FILE: SOP86-050-1196X2262N)

PACKAGE 'SOP86-050-1196X2262N'
CLASS IC
PINCOUNT 86

PINORDER 'SOP86-050-1196X2262N' 81 82 83 84 85 86 74 75 76 77 78 79 80 68 69 70 71 72 73 61 62 63 64,
      65 66 67 55 56 57 58 59 60 48 49 50 51 52 53 54 44 45 46 47 6 5 4 3 2 1 13 12 11 10 9 8 7 19,
      18 17 16 15 14 25 26 22 23 24 21 20 31 32 27 30 29 28 33 34 35 36 37 38 39 43 40 42 41
FUNCTION G1 'SOP86-050-1196X2262N' 81 82 83 84 85 86 74 75 76 77 78 79 80 68 69 70 71 72 73 61 62 63,
      64 65 66 67 55 56 57 58 59 60 48 49 50 51 52 53 54 44 45 46 47 6 5 4 3 2 1 13 12 11 10 9 8 7,
      19 18 17 16 15 14 25 26 22 23 24 21 20 31 32 27 30 29 28 33 34 35 36 37 38 39 43 40 42 41

END
