(DEVICE FILE: TQFP100)

PACKAGE TQFP100
CLASS IC
PINCOUNT 101

PINORDER TQFP100  76 78 77 1 2 3 4 5 6 7,
 8 9 10 11 12 13 14 15 16 17,
 18 19 20 21 82 83 84 85 86 87,
 88 89 90 91 92 93 94 95 96 97,
 98 99 100 81 79 80 22 23 24 25,
 0 75 74 73 72 71 70 69 68 67,
 66 65 64 63 62 61 60 59 58 57,
 56 55 54 53 52 51 50 48 49 44,
 43 42 41 40 39 38 37 36 35 34,
 33 32 31 30 29 28 27 26 45 47,
 46

PINSWAP TQFP100  76 78 77 1 2 3 4 5 6 7,
 8 9 10 11 12 13 14 15 16 17,
 18 19 20 21 82 83 84 85 86 87,
 88 89 90 91 92 93 94 95 96 97,
 98 99 100 81 79 80 22 23 24 25,
 0 75 74 73 72 71 70 69 68 67,
 66 65 64 63 62 61 60 59 58 57,
 56 55 54 53 52 51 50 48 49 44,
 43 42 41 40 39 38 37 36 35 34,
 33 32 31 30 29 28 27 26 45 47,
 46

FUNCTION TQFP100 TQFP100  76 78 77 1 2 3 4 5 6 7,
 8 9 10 11 12 13 14 15 16 17,
 18 19 20 21 82 83 84 85 86 87,
 88 89 90 91 92 93 94 95 96 97,
 98 99 100 81 79 80 22 23 24 25,
 0 75 74 73 72 71 70 69 68 67,
 66 65 64 63 62 61 60 59 58 57,
 56 55 54 53 52 51 50 48 49 44,
 43 42 41 40 39 38 37 36 35 34,
 33 32 31 30 29 28 27 26 45 47,
 46

END
