(DEVICE FILE: TQFP-100)

PACKAGE TQFP-100
CLASS IC
PINCOUNT 100

PINORDER TQFP-100  82 83 84 85 86 87 88 89 90 91,
 92 93 94 95 96 97 98 81 80 99,
 100 1 2 3 22 21 20 19 18 17,
 16 15 14 13 12 11 10 9 8 7,
 6 5 4 76 78 77 79 75 74 73,
 72 71 70 69 68 67 66 65 64 63,
 62 61 60 59 58 57 56 55 54 44,
 43 42 41 40 39 38 37 36 35 34,
 33 32 31 30 45 47 46 29 28 27,
 26 25 24 23 50 48 49 53 52 51

PINSWAP TQFP-100  82 83 84 85 86 87 88 89 90 91,
 92 93 94 95 96 97 98 81 80 99,
 100 1 2 3 22 21 20 19 18 17,
 16 15 14 13 12 11 10 9 8 7,
 6 5 4 76 78 77 79 75 74 73,
 72 71 70 69 68 67 66 65 64 63,
 62 61 60 59 58 57 56 55 54 44,
 43 42 41 40 39 38 37 36 35 34,
 33 32 31 30 45 47 46 29 28 27,
 26 25 24 23 50 48 49 53 52 51

FUNCTION TQFP-100 TQFP-100  82 83 84 85 86 87 88 89 90 91,
 92 93 94 95 96 97 98 81 80 99,
 100 1 2 3 22 21 20 19 18 17,
 16 15 14 13 12 11 10 9 8 7,
 6 5 4 76 78 77 79 75 74 73,
 72 71 70 69 68 67 66 65 64 63,
 62 61 60 59 58 57 56 55 54 44,
 43 42 41 40 39 38 37 36 35 34,
 33 32 31 30 45 47 46 29 28 27,
 26 25 24 23 50 48 49 53 52 51

END
