(DEVICE FILE: TQFP12-100)

PACKAGE TQFP12-100
CLASS IC
PINCOUNT 100

PINORDER TQFP12-100  22 23 24 25 27 26 29 28 17 18,
 19 20 21 11 12 13 14 16 15 7,
 8 9 10 1 2 3 6 4 5 100,
 99 98 97 34 33 32 31 30 96 95,
 94 93 92 39 38 37 40 36 35 90,
 89 88 87 86 91 45 44 43 42 46,
 41 84 83 82 81 80 85 50 49 48,
 47 79 78 77 76 51 52 53 54 59,
 55 56 57 58 64 65 61 62 63 60,
 70 67 68 69 71 66 75 72 73 74

PINSWAP TQFP12-100  22 23 24 25 27 26 29 28 17 18,
 19 20 21 11 12 13 14 16 15 7,
 8 9 10 1 2 3 6 4 5 100,
 99 98 97 34 33 32 31 30 96 95,
 94 93 92 39 38 37 40 36 35 90,
 89 88 87 86 91 45 44 43 42 46,
 41 84 83 82 81 80 85 50 49 48,
 47 79 78 77 76 51 52 53 54 59,
 55 56 57 58 64 65 61 62 63 60,
 70 67 68 69 71 66 75 72 73 74

FUNCTION TQFP12-100 TQFP12-100  22 23 24 25 27 26 29 28 17 18,
 19 20 21 11 12 13 14 16 15 7,
 8 9 10 1 2 3 6 4 5 100,
 99 98 97 34 33 32 31 30 96 95,
 94 93 92 39 38 37 40 36 35 90,
 89 88 87 86 91 45 44 43 42 46,
 41 84 83 82 81 80 85 50 49 48,
 47 79 78 77 76 51 52 53 54 59,
 55 56 57 58 64 65 61 62 63 60,
 70 67 68 69 71 66 75 72 73 74

END
