(DEVICE FILE: TQFP-100R)

PACKAGE TQFP-100R
CLASS IC
PINCOUNT 100

PINORDER TQFP-100R  30 31 32 33 34 35 36 37 38 39,
 40 41 42 43 44 45 46 47 29 28,
 27 26 25 24 23 22 21 20 19 18,
 17 16 15 14 13 12 11 10 9 8,
 7 48 49 50 6 5 4 3 2 1,
 81 82 83 84 85 86 87 88 89 90,
 91 92 93 94 95 96 97 98 99 100,
 51 71 70 69 68 67 66 65 64 63,
 62 61 60 59 58 57 56 55 54 53,
 52 74 73 72 80 79 78 77 76 75

PINSWAP TQFP-100R  30 31 32 33 34 35 36 37 38 39,
 40 41 42 43 44 45 46 47 29 28,
 27 26 25 24 23 22 21 20 19 18,
 17 16 15 14 13 12 11 10 9 8,
 7 48 49 50 6 5 4 3 2 1,
 81 82 83 84 85 86 87 88 89 90,
 91 92 93 94 95 96 97 98 99 100,
 51 71 70 69 68 67 66 65 64 63,
 62 61 60 59 58 57 56 55 54 53,
 52 74 73 72 80 79 78 77 76 75

FUNCTION TQFP-100R TQFP-100R  30 31 32 33 34 35 36 37 38 39,
 40 41 42 43 44 45 46 47 29 28,
 27 26 25 24 23 22 21 20 19 18,
 17 16 15 14 13 12 11 10 9 8,
 7 48 49 50 6 5 4 3 2 1,
 81 82 83 84 85 86 87 88 89 90,
 91 92 93 94 95 96 97 98 99 100,
 51 71 70 69 68 67 66 65 64 63,
 62 61 60 59 58 57 56 55 54 53,
 52 74 73 72 80 79 78 77 76 75

END
