(DEVICE FILE: TQFP-144)

PACKAGE TQFP-144
CLASS IC
PINCOUNT 144

PINORDER TQFP-144  36 35 34 33 32 31 30 29 28 27,
 26 25 20 24 23 22 21 19 18 17,
 16 11 15 14 13 12 7 10 9 8,
 6 5 4 3 2 1 37 38 39 144,
 143 142 41 42 43 40 141 140 139 138,
 137 45 46 47 48 44 136 135 134 133,
 50 51 52 49 53 132 131 130 129 128,
 54 55 56 57 127 126 125 124 123 59,
 60 61 58 62 122 121 120 119 63 64,
 65 66 118 117 116 115 114 68 69 70,
 67 71 113 112 111 110 72 73 74 79,
 78 77 76 75 82 83 81 80 87 88,
 86 85 84 91 92 90 89 96 97 95,
 94 93 101 102 100 99 98 105 106 104,
 103 109 108 107

PINSWAP TQFP-144  36 35 34 33 32 31 30 29 28 27,
 26 25 20 24 23 22 21 19 18 17,
 16 11 15 14 13 12 7 10 9 8,
 6 5 4 3 2 1 37 38 39 144,
 143 142 41 42 43 40 141 140 139 138,
 137 45 46 47 48 44 136 135 134 133,
 50 51 52 49 53 132 131 130 129 128,
 54 55 56 57 127 126 125 124 123 59,
 60 61 58 62 122 121 120 119 63 64,
 65 66 118 117 116 115 114 68 69 70,
 67 71 113 112 111 110 72 73 74 79,
 78 77 76 75 82 83 81 80 87 88,
 86 85 84 91 92 90 89 96 97 95,
 94 93 101 102 100 99 98 105 106 104,
 103 109 108 107

FUNCTION TQFP-144 TQFP-144  36 35 34 33 32 31 30 29 28 27,
 26 25 20 24 23 22 21 19 18 17,
 16 11 15 14 13 12 7 10 9 8,
 6 5 4 3 2 1 37 38 39 144,
 143 142 41 42 43 40 141 140 139 138,
 137 45 46 47 48 44 136 135 134 133,
 50 51 52 49 53 132 131 130 129 128,
 54 55 56 57 127 126 125 124 123 59,
 60 61 58 62 122 121 120 119 63 64,
 65 66 118 117 116 115 114 68 69 70,
 67 71 113 112 111 110 72 73 74 79,
 78 77 76 75 82 83 81 80 87 88,
 86 85 84 91 92 90 89 96 97 95,
 94 93 101 102 100 99 98 105 106 104,
 103 109 108 107

END
