(DEVICE FILE: TQFP-100R2)

PACKAGE TQFP-100R2
CLASS IC
PINCOUNT 100

PINORDER TQFP-100R2  47 46 45 44 43 42 41 40 39 38,
 37 36 35 34 33 32 31 30 48 49,
 50 29 28 27 26 25 24 23 22 21,
 20 19 18 17 16 15 14 13 12 11,
 10 9 8 7 100 99 98 97 96 95,
 94 93 92 91 90 89 88 87 86 85,
 84 6 5 4 3 2 1 81 82 83,
 51 71 70 69 68 67 66 65 64 63,
 62 61 60 59 58 57 56 55 54 53,
 52 74 73 72 80 79 78 77 76 75

PINSWAP TQFP-100R2  47 46 45 44 43 42 41 40 39 38,
 37 36 35 34 33 32 31 30 48 49,
 50 29 28 27 26 25 24 23 22 21,
 20 19 18 17 16 15 14 13 12 11,
 10 9 8 7 100 99 98 97 96 95,
 94 93 92 91 90 89 88 87 86 85,
 84 6 5 4 3 2 1 81 82 83,
 51 71 70 69 68 67 66 65 64 63,
 62 61 60 59 58 57 56 55 54 53,
 52 74 73 72 80 79 78 77 76 75

FUNCTION TQFP-100R2 TQFP-100R2  47 46 45 44 43 42 41 40 39 38,
 37 36 35 34 33 32 31 30 48 49,
 50 29 28 27 26 25 24 23 22 21,
 20 19 18 17 16 15 14 13 12 11,
 10 9 8 7 100 99 98 97 96 95,
 94 93 92 91 90 89 88 87 86 85,
 84 6 5 4 3 2 1 81 82 83,
 51 71 70 69 68 67 66 65 64 63,
 62 61 60 59 58 57 56 55 54 53,
 52 74 73 72 80 79 78 77 76 75

END
