(DEVICE FILE: TSOP-86)

PACKAGE TSOP-86
CLASS IC
PINCOUNT 86

PINORDER TSOP-86  43 42 41 40 39 38 37 36 35 34,
 33 32 31 30 29 28 27 26 25 24,
 23 21 20 19 18 17 16 15 14 13,
 12 11 10 9 22 1 7 6 5 4,
 3 2 8 46 49 45 44 48 47 64,
 59 58 57 56 55 54 53 52 51 50,
 63 62 61 60 75 74 73 72 71 70,
 69 68 67 66 65 79 78 77 76 86,
 85 84 83 82 81 80

PINSWAP TSOP-86  43 42 41 40 39 38 37 36 35 34,
 33 32 31 30 29 28 27 26 25 24,
 23 21 20 19 18 17 16 15 14 13,
 12 11 10 9 22 1 7 6 5 4,
 3 2 8 46 49 45 44 48 47 64,
 59 58 57 56 55 54 53 52 51 50,
 63 62 61 60 75 74 73 72 71 70,
 69 68 67 66 65 79 78 77 76 86,
 85 84 83 82 81 80

FUNCTION TSOP-86 TSOP-86  43 42 41 40 39 38 37 36 35 34,
 33 32 31 30 29 28 27 26 25 24,
 23 21 20 19 18 17 16 15 14 13,
 12 11 10 9 22 1 7 6 5 4,
 3 2 8 46 49 45 44 48 47 64,
 59 58 57 56 55 54 53 52 51 50,
 63 62 61 60 75 74 73 72 71 70,
 69 68 67 66 65 79 78 77 76 86,
 85 84 83 82 81 80

END
