(DEVICE FILE: TSOP-54)

PACKAGE TSOP-54
CLASS IC
PINCOUNT 54

PINORDER TSOP-54  24 25 26 27 15 16 17 18 19 20,
 21 22 23 6 7 8 9 10 11 12,
 13 14 1 2 3 4 5 28 29 30,
 31 32 33 34 35 36 37 38 39 40,
 41 42 43 44 45 46 47 48 49 50,
 51 52 53 54

PINSWAP TSOP-54  24 25 26 27 15 16 17 18 19 20,
 21 22 23 6 7 8 9 10 11 12,
 13 14 1 2 3 4 5 28 29 30,
 31 32 33 34 35 36 37 38 39 40,
 41 42 43 44 45 46 47 48 49 50,
 51 52 53 54

FUNCTION TSOP-54 TSOP-54  24 25 26 27 15 16 17 18 19 20,
 21 22 23 6 7 8 9 10 11 12,
 13 14 1 2 3 4 5 28 29 30,
 31 32 33 34 35 36 37 38 39 40,
 41 42 43 44 45 46 47 48 49 50,
 51 52 53 54

END
