(DEVICE FILE: TSSOP-48)

PACKAGE TSSOP-48
CLASS IC
PINCOUNT 48

PINORDER TSSOP-48  24 23 22 21 20 19 18 17 16 15,
 14 13 12 11 10 9 8 7 6 5,
 4 3 2 1 27 26 25 32 31 30,
 29 28 38 37 36 35 34 33 43 42,
 41 40 39 48 47 46 45 44

PINSWAP TSSOP-48  24 23 22 21 20 19 18 17 16 15,
 14 13 12 11 10 9 8 7 6 5,
 4 3 2 1 27 26 25 32 31 30,
 29 28 38 37 36 35 34 33 43 42,
 41 40 39 48 47 46 45 44

FUNCTION TSSOP-48 TSSOP-48  24 23 22 21 20 19 18 17 16 15,
 14 13 12 11 10 9 8 7 6 5,
 4 3 2 1 27 26 25 32 31 30,
 29 28 38 37 36 35 34 33 43 42,
 41 40 39 48 47 46 45 44

END
