(DEVICE FILE: TSSOP-64)

PACKAGE TSSOP-64
CLASS IC
PINCOUNT 64

PINORDER TSSOP-64  32 31 30 27 28 29 26 25 21 24,
 23 22 16 15 20 19 18 17 10 14,
 13 12 11 5 9 8 7 6 4 3,
 2 1 34 33 35 36 37 38 39 40,
 41 42 43 44 50 49 45 46 47 48,
 55 54 53 52 51 60 59 58 57 56,
 64 63 62 61

PINSWAP TSSOP-64  32 31 30 27 28 29 26 25 21 24,
 23 22 16 15 20 19 18 17 10 14,
 13 12 11 5 9 8 7 6 4 3,
 2 1 34 33 35 36 37 38 39 40,
 41 42 43 44 50 49 45 46 47 48,
 55 54 53 52 51 60 59 58 57 56,
 64 63 62 61

FUNCTION TSSOP-64 TSSOP-64  32 31 30 27 28 29 26 25 21 24,
 23 22 16 15 20 19 18 17 10 14,
 13 12 11 5 9 8 7 6 4 3,
 2 1 34 33 35 36 37 38 39 40,
 41 42 43 44 50 49 45 46 47 48,
 55 54 53 52 51 60 59 58 57 56,
 64 63 62 61

END
