(DEVICE FILE: VQFN-64)

PACKAGE VQFN-64
CLASS IC
PINCOUNT 65

PINORDER VQFN-64  1 58 59 60 61 62 63 64 47 48,
 49 50 51 52 53 54 55 56 57 65,
 13 12 11 10 9 8 7 6 5 4,
 3 2 16 15 14 33 34 35 36 37,
 38 39 40 41 42 43 44 45 46 20,
 21 22 23 17 18 19 24 25 26 27,
 28 29 30 31 32

PINSWAP VQFN-64  1 58 59 60 61 62 63 64 47 48,
 49 50 51 52 53 54 55 56 57 65,
 13 12 11 10 9 8 7 6 5 4,
 3 2 16 15 14 33 34 35 36 37,
 38 39 40 41 42 43 44 45 46 20,
 21 22 23 17 18 19 24 25 26 27,
 28 29 30 31 32

FUNCTION VQFN-64 VQFN-64  1 58 59 60 61 62 63 64 47 48,
 49 50 51 52 53 54 55 56 57 65,
 13 12 11 10 9 8 7 6 5 4,
 3 2 16 15 14 33 34 35 36 37,
 38 39 40 41 42 43 44 45 46 20,
 21 22 23 17 18 19 24 25 26 27,
 28 29 30 31 32

END
