(DEVICE FILE: VQFN-48)

PACKAGE VQFN-48
CLASS IC
PINCOUNT 49

PINORDER VQFN-48  49 1 2 3 4 5 6 7 8 9,
 10 11 12 46 47 44 45 48 37 40,
 41 42 43 38 39 25 26 27 28 29,
 30 31 32 33 34 35 36 14 15 16,
 17 13 18 19 20 21 22 23 24

PINSWAP VQFN-48  49 1 2 3 4 5 6 7 8 9,
 10 11 12 46 47 44 45 48 37 40,
 41 42 43 38 39 25 26 27 28 29,
 30 31 32 33 34 35 36 14 15 16,
 17 13 18 19 20 21 22 23 24

FUNCTION VQFN-48 VQFN-48  49 1 2 3 4 5 6 7 8 9,
 10 11 12 46 47 44 45 48 37 40,
 41 42 43 38 39 25 26 27 28 29,
 30 31 32 33 34 35 36 14 15 16,
 17 13 18 19 20 21 22 23 24

END
